=== LDAP QPS ===
RONDAS=5
CONSULTAS_POR_RONDA=50

RONDA=1 OK=50 FAIL=0 TIEMPO=1.769265s QPS=28.26
RONDA=2 OK=50 FAIL=0 TIEMPO=1.785582s QPS=28.00
RONDA=3 OK=50 FAIL=0 TIEMPO=1.838199s QPS=27.20
RONDA=4 OK=50 FAIL=0 TIEMPO=1.811817s QPS=27.60
RONDA=5 OK=50 FAIL=0 TIEMPO=1.783652s QPS=28.03

TOTAL_CONSULTAS=250
TOTAL_OK=250
TOTAL_FAIL=0
LDAP_QPS_PROMEDIO=27.82
LDAP_QPS_MINIMO=27.20
LDAP_QPS_MAXIMO=28.26
LDAP_QPS_DESVIACION=0.38
